
  19:10:28.7 ea01-ea02   1405: 46.242   173.6 4000000   30.722   137.0 4000000       71.50   -368.60    413.46
  19:10:28.7 ea01-ea03   7089: 5.289   111.3 4000000   2.310   148.4 4000000    -1576.81   1049.51  -1047.47
  19:10:28.7 ea01-ea04   2282: 54.300   -99.9 4000000   38.753   -77.7 4000000     -153.51    589.99   -659.85
  19:10:28.7 ea01-ea05   2983: 32.121     2.7 4000000    5.190   -71.9 4000000      276.78    747.41   -880.61
  19:10:28.7 ea01-ea06   1529: 11.932    58.4 4000000    5.863     2.6 4000000      -78.04    401.13   -451.14
  19:10:28.7 ea01-ea07    666: 50.460  -80.9 4000000   36.155  -79.3 4000000       33.92   -174.74    196.27
  19:10:28.7 ea01-ea08   4115: 36.983    22.0 4000000   22.046   -21.4 4000000     -765.95    788.92   -825.63
  19:10:28.7 ea01-ea09   6096:  1.914  -159.8 4000000    1.922    27.0 4000000     1165.37   1137.83  -1410.49
  19:10:28.7 ea01-ea10   8334: 16.400    61.2 4000000    3.210    20.8 4000000    -1905.08   1152.86  -1139.03
  19:10:28.7 ea01-ea11   2236: 42.864   -8.2 4000000   20.312  -13.2 4000000      -76.18    592.47   -670.05
  19:10:28.7 ea01-ea13   2353: 55.596  58.1 4000000   28.047  73.2 4000000        6.09    628.60   -719.13
  19:10:28.7 ea01-ea14   3413:  52.588   125.0 4000000    30.692   144.3 4000000     -558.00    721.33   -769.38
  19:10:28.7 ea01-ea15   2873:  56.959    62.3 4000000    37.217    45.7 4000000     -384.33    664.52   -722.73
  19:10:28.7 ea01-ea17   2501: 20.992    97.5 4000000   13.105   107.3 4000000     -248.01    620.46   -685.58
  19:10:28.7 ea01-ea20   1860: 31.596   -86.0 4000000   22.214  -121.6 4000000      -94.89    487.79   -548.64
  19:10:28.7 ea01-ea21   5963: 19.354    24.4 4000000    8.750    36.7 4000000    -1276.86    952.89   -965.60
  19:10:28.7 ea01-ea22   2061:  6.273  -167.9 4000000    4.015  -176.7 4000000     -105.14    540.51   -607.90
  19:10:28.7 ea01-ea23   7202:  7.707  -107.1 4000000    2.680    24.4 4000000     1451.60   1263.50  -1581.27
  19:10:28.7 ea01-ea24   5107: 17.761  -122.0 4000000    3.985    51.6 4000000      903.74   1022.40  -1254.97
  19:10:28.7 ea01-ea25   4250: 10.615   -66.1 4000000   10.154   -93.4 4000000      667.64    918.52  -1114.30
  19:10:28.7 ea01-ea26   4969: 11.846    97.9 4000000   10.055   110.0 4000000    -1006.13    866.11   -891.30
  19:10:28.7 ea01-ea27   1102: 145.543  -158.1 4000000    85.186  -154.6 4000000      -56.24    289.10   -325.19
  19:10:28.7 ea01-ea28   2199: 56.213   137.1 4000000   28.970   150.8 4000000     -112.15    576.66   -648.57
  19:10:28.7 ea02-ea03   8138: 1.070    -4.1 4000000   3.057    96.7 4000000    -1648.31   1418.11  -1460.93
  19:10:28.7 ea02-ea04   3685: 19.720    82.8 4000000   21.528   103.6 4000000     -225.01    958.59  -1073.31
  19:10:28.7 ea02-ea05   4247: 27.458   124.3 4000000   12.260   108.3 4000000      205.28   1116.01  -1294.07
  19:10:28.7 ea02-ea06   2935:  9.199  -107.6 4000000    2.102   154.8 4000000     -149.54    769.73   -864.60
  19:10:28.7 ea02-ea07    739: 56.061  80.5 4000000   46.979 136.9 4000000      -37.58    193.86   -217.20
  19:10:28.7 ea02-ea08   5347: 28.078  -154.2 4000000   22.081   163.4 4000000     -837.46   1157.52  -1239.09
  19:10:28.7 ea02-ea09   6968: 12.449  -132.3 4000000    6.095  -101.9 4000000     1093.86   1506.43  -1823.95
  19:10:28.7 ea02-ea10   9335: 19.030  -150.3 4000000    8.112    65.0 4000000    -1976.58   1521.46  -1552.49
  19:10:28.7 ea02-ea11   3639: 19.086   178.3 4000000   15.560   -77.9 4000000     -147.68    961.07  -1083.51
  19:10:28.7 ea02-ea13   3740: 41.992  -119.1 4000000   12.237   -65.5 4000000      -65.41    997.20  -1132.59
  19:10:28.7 ea02-ea14   4711: 28.294   -60.0 4000000   10.112    53.7 4000000     -629.51   1089.93  -1182.84
  19:10:28.7 ea02-ea15   4226: 40.322  -140.9 4000000   19.137   -84.9 4000000     -455.84   1033.12  -1136.19
  19:10:28.7 ea02-ea17   3890: 11.593  -102.9 4000000    4.633   -49.8 4000000     -319.52    989.06  -1099.04
  19:10:28.7 ea02-ea20   3265: 15.967    64.7 4000000   13.031   119.6 4000000     -166.40    856.39   -962.10
  19:10:28.7 ea02-ea21   7066: 25.386   157.1 4000000   16.264   -92.4 4000000    -1348.37   1321.49  -1379.07
  19:10:28.7 ea02-ea22   3466: 2.691    24.4 4000000   2.095    99.3 4000000     -176.64    909.11  -1021.36
  19:10:28.7 ea02-ea23   7999: 19.482   -42.4 4000000    8.157   -57.0 4000000     1380.10   1632.10  -1994.73
  19:10:28.7 ea02-ea24   6067: 29.547    17.0 4000000    2.394    82.6 4000000      832.24   1391.00  -1668.43
  19:10:28.7 ea02-ea25   5309: 16.105   -18.6 4000000    1.422   -71.5 4000000      596.14   1287.12  -1527.76
  19:10:28.7 ea02-ea26   6134:  5.385   -72.5 4000000   11.051    -7.3 4000000    -1077.64   1234.71  -1304.76
  19:10:28.7 ea02-ea27   2508:  54.820    35.2 4000000    35.036    57.6 4000000     -127.74    657.70   -738.65
  19:10:28.7 ea02-ea28   3604: 16.359   -52.5 4000000   28.608    37.7 4000000     -183.65    945.27  -1062.03
  19:10:28.7 ea03-ea04   5598:  8.526   158.1 4000000    8.508   152.6 4000000     1423.30   -459.52    387.62
  19:10:28.7 ea03-ea05   7029:  3.887  -149.4 4000000    1.602  -132.3 4000000     1853.59   -302.10    166.86
  19:10:28.7 ea03-ea06   6112: 1.429   -57.6 4000000   1.715  -160.1 4000000     1498.77   -648.38    596.33
  19:10:28.7 ea03-ea07   7572: 2.448   104.0 4000000   2.370   132.0 4000000     1610.73  -1224.25   1243.74
  19:10:28.7 ea03-ea08   3188: 20.026   -70.6 4000000   14.169  -112.2 4000000      810.86   -260.58    221.84
  19:10:28.7 ea03-ea09  10268: 3.696   155.1 4000000   2.533   151.9 4000000     2742.17     88.32   -363.01
  19:10:28.7 ea03-ea10   1288: 29.694  -116.4 4000000   21.849  -117.9 4000000     -328.27    103.35    -91.56
  19:10:28.7 ea03-ea11   5871:  7.572  -130.7 4000000    6.602  -135.3 4000000     1500.63   -457.04    377.42
  19:10:28.7 ea03-ea13   6130:  8.793  -100.2 4000000    9.682   -64.7 4000000     1582.90   -420.91    328.34
  19:10:28.7 ea03-ea14   4006: 14.855    13.2 4000000   16.446    17.3 4000000     1018.80   -328.18    278.10
  19:10:28.7 ea03-ea15   4690:  9.894   -60.3 4000000   11.453   -65.2 4000000     1192.48   -384.99    324.74
  19:10:28.7 ea03-ea17   5226:  6.320   -13.2 4000000    3.985    -2.3 4000000     1328.79   -429.05    361.89
  19:10:28.7 ea03-ea20   5931:  4.658   178.7 4000000    5.693   132.1 4000000     1481.92   -561.71    498.83
  19:10:28.7 ea03-ea21   1179: 12.608  -115.7 4000000    5.369  -161.4 4000000      299.94    -96.62     81.87
  19:10:28.7 ea03-ea22   5828: 1.262    51.5 4000000   1.281   109.3 4000000     1471.67   -509.00    439.57
  19:10:28.7 ea03-ea23  11362: 1.730   -18.0 4000000   9.848   167.1 4000000     3028.41    213.99   -533.80
  19:10:28.7 ea03-ea24   9284:  4.024    33.5 4000000    6.425   177.0 4000000     2480.55    -27.11   -207.49
  19:10:28.7 ea03-ea25   8414:  2.935  -174.8 4000000    3.230   -43.8 4000000     2244.45   -130.99    -66.82
  19:10:28.7 ea03-ea26   2243: 12.866    19.7 4000000    9.203    44.7 4000000      570.68   -183.40    156.17
  19:10:28.7 ea03-ea27   6363: 11.160    92.7 4000000    8.090   111.2 4000000     1520.57   -760.41    722.28
  19:10:28.7 ea03-ea28   5760: 11.452    24.3 4000000    7.068    31.5 4000000     1464.66   -472.84    398.91
  19:10:28.7 ea04-ea05   1715: 114.530   122.5 4000000    38.296    47.9 4000000      430.29    157.42   -220.76
  19:10:28.7 ea04-ea06    761: 64.137  -155.1 4000000   51.967   143.4 4000000       75.47   -188.86    208.71
  19:10:28.7 ea04-ea07   2947: 31.241    11.0 4000000   24.619     4.3 4000000      187.43   -764.73    856.11
  19:10:28.7 ea04-ea08   2410: 152.668   119.3 4000000   121.155    72.0 4000000     -612.44    198.94   -165.78
  19:10:28.7 ea04-ea09   5345: 38.100   150.0 4000000   30.737    84.1 4000000     1318.88    547.84   -750.64
  19:10:28.7 ea04-ea10   6886:  43.941   154.6 4000000    37.591   168.0 4000000    -1751.57    562.87   -479.18
  19:10:28.7 ea04-ea11    290: 301.443    1.1 4000000   242.960   -1.6 4000000       77.33      2.48    -10.20
  19:10:28.7 ea04-ea13    615:  33.295  -158.3 4000000    63.972   -64.2 4000000      159.60     38.61    -59.28
  19:10:28.7 ea04-ea14   1592: 101.561  -128.1 4000000    64.343  -144.3 4000000     -404.49    131.34   -109.53
  19:10:28.7 ea04-ea15    908: 128.569  -172.4 4000000   125.671  -157.9 4000000     -230.82     74.53    -62.88
  19:10:28.7 ea04-ea17    372:  93.084  -75.4 4000000    93.877  -77.7 4000000      -94.50     30.47    -25.73
  19:10:28.7 ea04-ea20    441: 255.135 104.7 4000000   265.250  79.2 4000000       58.62   -102.20    111.21
  19:10:28.7 ea04-ea21   4418:  44.090    94.8 4000000    68.483    91.6 4000000    -1123.35    362.90   -305.76
  19:10:28.7 ea04-ea22    259: 38.688 -156.2 4000000   44.971 -166.1 4000000       48.37    -49.48     51.95
  19:10:28.7 ea04-ea23   6515: 16.421  -110.9 4000000   28.073  -140.6 4000000     1605.11    673.51   -921.42
  19:10:28.7 ea04-ea24   4275: 53.528   172.2 4000000   48.590  -147.8 4000000     1057.25    432.41   -595.12
  19:10:28.7 ea04-ea25   3310:  92.401    27.6 4000000    54.641    13.6 4000000      821.15    328.53   -454.45
  19:10:28.7 ea04-ea26   3354: 43.635  -142.0 4000000   36.711  -144.2 4000000     -852.62    276.12   -231.45
  19:10:28.7 ea04-ea27   1183: 221.957  -39.7 4000000   173.283  -52.8 4000000       97.27   -300.89    334.66
  19:10:28.7 ea04-ea28    163: 1326.540  -16.1 4000000   1023.892  -18.7 4000000       41.36    -13.32     11.28
  19:10:28.7 ea05-ea06   1856: 15.794    53.5 4000000    6.023    56.8 4000000     -354.82   -346.28    429.47
  19:10:28.7 ea05-ea07   3569: 17.193   -53.9 4000000    5.665   -50.8 4000000     -242.86   -922.15   1076.88
  19:10:28.7 ea05-ea08   3906:  85.805    26.0 4000000    26.173    13.9 4000000    -1042.73     41.52     54.98
  19:10:28.7 ea05-ea09   3632:  71.915    23.3 4000000    26.299    66.0 4000000      888.58    390.42   -529.87
  19:10:28.7 ea05-ea10   8306: 30.404    92.6 4000000    5.134    48.0 4000000    -2181.86    405.45   -258.42
  19:10:28.7 ea05-ea11   1443:  83.674   -17.6 4000000    34.742    45.9 4000000     -352.96   -154.94    210.56
  19:10:28.7 ea05-ea13   1106: 183.577    -0.2 4000000    40.274    39.4 4000000     -270.69   -118.80    161.48
  19:10:28.7 ea05-ea14   3126: 104.811   147.0 4000000    32.090  -142.7 4000000     -834.79    -26.08    111.24
  19:10:28.7 ea05-ea15   2494: 137.984    38.2 4000000    26.507   102.1 4000000     -661.11    -82.89    157.88
  19:10:28.7 ea05-ea17   2021: 56.743    77.2 4000000   18.485   132.4 4000000     -524.80   -126.95    195.03
  19:10:28.7 ea05-ea20   1697: 61.708   -51.9 4000000   19.676   -39.5 4000000     -371.67   -259.61    331.97
  19:10:28.7 ea05-ea21   5865: 59.528    16.9 4000000   24.705    66.6 4000000    -1553.65    205.48    -84.99
  19:10:28.7 ea05-ea22   1626: 14.710  -156.1 4000000    3.078   -93.3 4000000     -381.92   -206.90    272.71
  19:10:28.7 ea05-ea23   4802: 33.149   106.2 4000000   14.425  -178.9 4000000     1174.82    516.09   -700.66
  19:10:28.7 ea05-ea24   2562: 130.469    93.9 4000000    43.850   153.2 4000000      626.96    274.99   -374.35
  19:10:28.7 ea05-ea25   1597:  99.917   -82.1 4000000    28.727   -14.8 4000000      390.86    171.11   -233.68
  19:10:28.7 ea05-ea26   4822: 36.435   119.4 4000000   12.353   156.4 4000000    -1282.91    118.70    -10.69
  19:10:28.7 ea05-ea27   2120: 117.180  -128.2 4000000    31.190   -75.2 4000000     -333.02   -458.31    555.42
  19:10:28.7 ea05-ea28   1590:  99.671  -172.4 4000000    27.663  -117.1 4000000     -388.93   -170.74    232.05
  19:10:28.7 ea06-ea07   2196: 14.513  -138.8 4000000   11.528   -55.3 4000000      111.96   -575.87    647.41
  19:10:28.7 ea06-ea08   2955: 26.080   -46.4 4000000   10.037     1.2 4000000     -687.91    387.80   -374.49
  19:10:28.7 ea06-ea09   5409:  5.475   -31.4 4000000    4.072   163.4 4000000     1243.41    736.70   -959.34
  19:10:28.7 ea06-ea10   7394:  9.503    15.2 4000000    1.302   116.8 4000000    -1827.04    751.73   -687.89
  19:10:28.7 ea06-ea11    716: 24.566   -37.9 4000000   13.010     4.2 4000000        1.86    191.34   -218.90
  19:10:28.7 ea06-ea13    908: 60.757    21.8 4000000   47.795    94.4 4000000       84.13    227.48   -267.99
  19:10:28.7 ea06-ea14   2159: 44.348    62.4 4000000   25.926   135.6 4000000     -479.96    320.20   -318.23
  19:10:28.7 ea06-ea15   1512: 39.179   -59.6 4000000   32.098    13.6 4000000     -306.29    263.39   -271.59
  19:10:28.7 ea06-ea17   1039: 13.652    26.5 4000000   11.871    87.9 4000000     -169.97    219.33   -234.44
  19:10:28.7 ea06-ea20    330: 80.882 -118.6 4000000   71.194  -89.3 4000000      -16.85     86.67    -97.50
  19:10:28.7 ea06-ea21   4939: 13.689   -50.0 4000000   10.346   -44.3 4000000    -1198.82    551.76   -514.46
  19:10:28.7 ea06-ea22    531: 2.913 -115.9 4000000   2.301  -52.1 4000000      -27.10    139.38   -156.76
  19:10:28.7 ea06-ea23   6572:  0.339   -39.1 4000000    5.805  -150.5 4000000     1529.64    862.37  -1130.13
  19:10:28.7 ea06-ea24   4348: 13.117    15.0 4000000    9.420    92.2 4000000      981.78    621.27   -803.82
  19:10:28.7 ea06-ea25   3397: 22.182  -120.3 4000000    9.263   -44.0 4000000      745.68    517.39   -663.15
  19:10:28.7 ea06-ea26   3885: 12.160    31.3 4000000   11.339   113.7 4000000     -928.09    464.98   -440.16
  19:10:28.7 ea06-ea27    427: 110.053  98.4 4000000    95.529 168.3 4000000       21.80   -112.03    125.95
  19:10:28.7 ea06-ea28    669: 44.306  81.8 4000000   33.382 156.3 4000000      -34.11    175.54   -197.42
  19:10:28.7 ea07-ea08   4687: 37.522   120.9 4000000   28.703    11.4 4000000     -799.87    963.67  -1021.90
  19:10:28.7 ea07-ea09   6486: 12.150    28.2 4000000    7.104   136.7 4000000     1131.44   1312.57  -1606.75
  19:10:28.7 ea07-ea10   8795: 17.042  -175.9 4000000    6.210   -71.5 4000000    -1939.00   1327.60  -1335.30
  19:10:28.7 ea07-ea11   2901: 31.842    81.0 4000000   19.345   103.9 4000000     -110.10    767.21   -866.31
  19:10:28.7 ea07-ea13   3008: 37.366 148.9 4000000   22.495 140.9 4000000      -27.83    803.34   -915.40
  19:10:28.7 ea07-ea14   4019: 42.802  -125.9 4000000   34.445  -144.5 4000000     -591.93    896.07   -965.64
  19:10:28.7 ea07-ea15   3509: 52.808   128.8 4000000   22.384   122.4 4000000     -418.25    839.26   -919.00
  19:10:28.7 ea07-ea17   3158: 20.607   157.6 4000000   14.685   172.7 4000000     -281.94    795.20   -881.85
  19:10:28.7 ea07-ea20   2526: 30.692     2.9 4000000   22.826   -27.7 4000000     -128.81    662.54   -744.91
  19:10:28.7 ea07-ea21   6471: 17.995   115.5 4000000   17.081   106.3 4000000    -1310.79   1127.63  -1161.87
  19:10:28.7 ea07-ea22   2727: 5.730  -78.3 4000000   4.939  -52.9 4000000     -139.06    715.25   -804.17
  19:10:28.7 ea07-ea23   7558: 12.320   -74.9 4000000    6.055    74.7 4000000     1417.68   1438.24  -1777.53
  19:10:28.7 ea07-ea24   5538:  1.455   101.0 4000000   12.442    52.8 4000000      869.82   1197.14  -1451.23
  19:10:28.7 ea07-ea25   4729:  1.871   -38.9 4000000    3.071  -144.2 4000000      633.72   1093.26  -1310.56
  19:10:28.7 ea07-ea26   5507: 14.974  -119.2 4000000   13.038  -132.8 4000000    -1040.06   1040.85  -1087.57
  19:10:28.7 ea07-ea27   1768:  76.480  -76.5 4000000    40.418  -65.6 4000000      -90.16    463.84   -521.46
  19:10:28.7 ea07-ea28   2865: 35.506  -124.9 4000000   29.928  -134.8 4000000     -146.07    751.41   -844.83
  19:10:28.7 ea08-ea09   7345: 28.416   110.3 4000000   25.875    67.3 4000000     1931.32    348.90   -584.86
  19:10:28.7 ea08-ea10   4476:  71.654    10.9 4000000    50.219    60.8 4000000    -1139.13    363.93   -313.40
  19:10:28.7 ea08-ea11   2684: 103.124   -37.4 4000000    76.623     9.9 4000000      689.77   -196.46    155.58
  19:10:28.7 ea08-ea13   2951: 137.950    15.5 4000000   111.612    79.7 4000000      772.04   -160.32    106.50
  19:10:28.7 ea08-ea14    818: 361.689   116.9 4000000   320.283  -175.5 4000000      207.95    -67.59     56.25
  19:10:28.7 ea08-ea15   1502: 156.978    22.7 4000000    84.895    96.0 4000000      381.62   -124.41    102.90
  19:10:28.7 ea08-ea17   2038:  61.702    48.5 4000000    40.338   127.8 4000000      517.94   -168.46    140.05
  19:10:28.7 ea08-ea20   2753:  70.407   -91.0 4000000    65.426   -77.2 4000000      671.06   -301.13    276.99
  19:10:28.7 ea08-ea21   2008: 141.683   -15.0 4000000   128.195    45.9 4000000     -510.91    163.97   -139.97
  19:10:28.7 ea08-ea22   2642: 19.769   161.5 4000000   12.553  -136.1 4000000      660.81   -248.41    217.73
  19:10:28.7 ea08-ea23   8487: 10.921  -155.4 4000000   11.607    28.6 4000000     2217.55    474.57   -755.64
  19:10:28.7 ea08-ea24   6310:  5.139   111.0 4000000    5.794   118.2 4000000     1669.69    233.48   -429.34
  19:10:28.7 ea08-ea25   5387: 45.073   -82.1 4000000   34.577   -21.3 4000000     1433.59    129.59   -288.67
  19:10:28.7 ea08-ea26    944:  23.298   -12.5 4000000    17.009    12.8 4000000     -240.18     77.19    -65.67
  19:10:28.7 ea08-ea27   3249: 122.041  -168.2 4000000    78.351  -110.4 4000000      709.71   -499.82    500.44
  19:10:28.7 ea08-ea28   2573: 153.412   129.8 4000000    97.296  -174.0 4000000      653.80   -212.26    177.06
  19:10:28.7 ea09-ea10  11492:  7.792   -77.9 4000000   14.382  -115.4 4000000    -3070.45     15.03    271.46
  19:10:28.7 ea09-ea11   5075: 25.952   -20.0 4000000    9.843  -149.7 4000000    -1241.54   -545.36    740.44
  19:10:28.7 ea09-ea13   4739: 32.041    32.5 4000000   38.698    25.1 4000000    -1159.27   -509.23    691.36
  19:10:28.7 ea09-ea14   6636:  6.187   111.2 4000000    9.682  -109.5 4000000    -1723.37   -416.50    641.11
  19:10:28.7 ea09-ea15   6064: 27.890    14.8 4000000   42.922    52.9 4000000    -1549.70   -473.31    687.76
  19:10:28.7 ea09-ea17   5633:  5.511    29.2 4000000   11.190   -26.7 4000000    -1413.38   -517.37    724.91
  19:10:28.7 ea09-ea20   5307:  8.436   -15.1 4000000    9.324  -146.4 4000000    -1260.26   -650.03    861.85
  19:10:28.7 ea09-ea21   9166: 33.999   -29.9 4000000    8.399   -34.7 4000000    -2442.23   -184.94    444.88
  19:10:28.7 ea09-ea22   5254: 3.980   164.8 4000000   2.604  -150.8 4000000    -1270.50   -597.32    802.58
  19:10:28.7 ea09-ea23   1170: 204.730    97.2 4000000   147.320   101.3 4000000      286.24    125.67   -170.78
  19:10:28.7 ea09-ea24   1070:  86.751    28.5 4000000   106.512     7.6 4000000     -261.62   -115.43    155.52
  19:10:28.7 ea09-ea25   2036: 122.256   -93.8 4000000   110.602   -97.5 4000000     -497.72   -219.31    296.19
  19:10:28.7 ea09-ea26   8190:  9.235    58.3 4000000   16.957    43.5 4000000    -2171.50   -271.72    519.19
  19:10:28.7 ea09-ea27   5567: 12.803  -126.8 4000000   12.746  -161.5 4000000    -1221.61   -848.73   1085.29
  19:10:28.7 ea09-ea28   5222: 48.084   108.0 4000000   20.613   134.0 4000000    -1277.51   -561.16    761.92
  19:10:28.7 ea10-ea11   7159: 26.736   -67.6 4000000   27.207  -101.4 4000000     1828.90   -560.39    468.98
  19:10:28.7 ea10-ea13   7417: 15.696  -105.3 4000000   18.080    34.7 4000000     1911.17   -524.25    419.90
  19:10:28.7 ea10-ea14   5294:  55.585    98.4 4000000    52.470   111.0 4000000     1347.08   -431.53    369.65
  19:10:28.7 ea10-ea15   5978:  47.698    -8.0 4000000    30.859     7.5 4000000     1520.75   -488.34    416.30
  19:10:28.7 ea10-ea17   6514: 35.894    74.5 4000000   11.733    59.5 4000000     1657.07   -532.40    453.45
  19:10:28.7 ea10-ea20   7218: 16.537   -91.2 4000000   16.565   172.7 4000000     1810.19   -665.06    590.39
  19:10:28.7 ea10-ea21   2467: 124.988   -22.3 4000000   108.897   -42.0 4000000      628.22   -199.97    173.43
  19:10:28.7 ea10-ea22   7116:  7.950   133.2 4000000    3.333   153.6 4000000     1799.94   -612.35    531.13
  19:10:28.7 ea10-ea23  12570: 10.516    89.9 4000000   28.940   -12.5 4000000     3356.68    110.64   -442.24
  19:10:28.7 ea10-ea24  10524: 15.268   161.7 4000000   19.156   -10.6 4000000     2808.82   -130.46   -115.94
  19:10:28.7 ea10-ea25   9668: 10.442    33.9 4000000   27.490  -163.4 4000000     2572.72   -234.34     24.73
  19:10:28.7 ea10-ea26   3531: 49.887   108.4 4000000   39.581    58.5 4000000      898.95   -286.74    247.73
  19:10:28.7 ea10-ea27   7637: 29.372   179.8 4000000   19.230   175.9 4000000     1848.84   -863.76    813.84
  19:10:28.7 ea10-ea28   7048: 47.339    99.0 4000000   25.209   107.0 4000000     1792.93   -576.19    490.46
  19:10:28.7 ea11-ea13    336: 336.982    19.0 4000000   331.989    18.6 4000000       82.27     36.13    -49.08
  19:10:28.7 ea11-ea14   1867:  99.379   135.7 4000000    78.710   143.0 4000000     -481.83    128.86    -99.33
  19:10:28.7 ea11-ea15   1184:  26.191    84.1 4000000    24.549   -81.1 4000000     -308.15     72.05    -52.68
  19:10:28.7 ea11-ea17    652: 110.523  54.1 4000000    88.649  51.3 4000000     -171.84     27.99    -15.53
  19:10:28.7 ea11-ea20    398: 50.599  92.8 4000000   64.486  63.8 4000000      -18.71   -104.67    121.41
  19:10:28.7 ea11-ea21   4692:  40.544    35.7 4000000    62.942    32.8 4000000    -1200.69    360.42   -295.56
  19:10:28.7 ea11-ea22    223: 33.156  61.6 4000000   30.439  59.2 4000000      -28.96    -51.96     62.15
  19:10:28.7 ea11-ea23   6245:  8.322   177.1 4000000   17.494    -0.9 4000000     1527.78    671.03   -911.22
  19:10:28.7 ea11-ea24   4005: 57.316   130.3 4000000   30.146   132.1 4000000      979.92    429.93   -584.92
  19:10:28.7 ea11-ea25   3040:  64.457   -31.5 4000000    59.320   -38.6 4000000      743.82    326.05   -444.25
  19:10:28.7 ea11-ea26   3628: 31.850   123.2 4000000   30.451   139.8 4000000     -929.95    273.64   -221.25
  19:10:28.7 ea11-ea27   1138: 125.812 -117.0 4000000   138.513 -101.5 4000000       19.94   -303.37    344.86
  19:10:28.7 ea11-ea28    147:  816.162  47.2 4000000    599.147  42.8 4000000      -35.97    -15.80     21.48
  19:10:28.7 ea13-ea14   2140: 125.769    67.2 4000000   108.194    73.0 4000000     -564.10     92.73    -50.24
  19:10:28.7 ea13-ea15   1467:  65.304   -48.3 4000000    79.991  -111.1 4000000     -390.42     35.91     -3.60
  19:10:28.7 ea13-ea17    952: 146.436    44.0 4000000   134.412    34.5 4000000     -254.11     -8.14     33.55
  19:10:28.7 ea13-ea20    649: 144.894  -158.4 4000000   159.539   162.8 4000000     -100.98   -140.81    170.49
  19:10:28.7 ea13-ea21   4953:  54.922   -30.2 4000000    43.086   -41.0 4000000    -1282.96    324.29   -246.47
  19:10:28.7 ea13-ea22    531: 48.238   154.5 4000000   37.234   136.4 4000000     -111.23    -88.09    111.23
  19:10:28.7 ea13-ea23   5909: 17.369   -24.0 4000000   10.259   112.1 4000000     1445.51    634.89   -862.14
  19:10:28.7 ea13-ea24   3669:  94.830    17.1 4000000    60.870    21.8 4000000      897.65    393.80   -535.84
  19:10:28.7 ea13-ea25   2703: 119.858  -106.9 4000000    65.744  -118.9 4000000      661.55    289.92   -395.16
  19:10:28.7 ea13-ea26   3891:  44.509    62.9 4000000    36.812    65.2 4000000    -1012.23    237.51   -172.17
  19:10:28.7 ea13-ea27   1292: 143.099 162.1 4000000   102.367 147.5 4000000      -62.33   -339.50    393.94
  19:10:28.7 ea13-ea28    483: 159.667    30.9 4000000   123.580    -5.8 4000000     -118.24    -51.94     70.56
  19:10:28.7 ea14-ea15    684: 139.163   -62.7 4000000   123.634   -84.4 4000000      173.67    -56.81     46.65
  19:10:28.7 ea14-ea17   1220: 29.376   -31.4 4000000   15.572    34.9 4000000      309.99   -100.87     83.80
  19:10:28.7 ea14-ea20   1941:  74.479   145.6 4000000    61.122   101.8 4000000      463.11   -233.54    220.73
  19:10:28.7 ea14-ea21   2827: 124.903  -136.1 4000000    66.350  -156.9 4000000     -718.86    231.56   -196.23
  19:10:28.7 ea14-ea22   1825: 15.871    79.5 4000000   12.188    62.5 4000000      452.87   -180.82    161.47
  19:10:28.7 ea14-ea23   7790:  5.936  -121.3 4000000   20.882  -109.3 4000000     2009.61    542.17   -811.89
  19:10:28.7 ea14-ea24   5586: 26.067   -65.3 4000000   12.097   -31.6 4000000     1461.75    301.07   -485.59
  19:10:28.7 ea14-ea25   4646:  26.066  -156.9 4000000    83.278  -177.3 4000000     1225.65    197.19   -344.92
  19:10:28.7 ea14-ea26   1763:  84.058    -0.2 4000000    67.122     3.8 4000000     -448.13    144.78   -121.92
  19:10:28.7 ea14-ea27   2479: 189.460    83.4 4000000   141.882    63.9 4000000      501.76   -432.23    444.18
  19:10:28.7 ea14-ea28   1754: 166.920    11.0 4000000   158.073    -4.6 4000000      445.86   -144.66    120.81
2014/11/01/      Intrf UVDist     Amp     Phs      Wt F    Amp     Phs      Wt F         U         V         W
  19:10:28.7 ea15-ea17    536: 154.332  64.6 4000000   160.658  67.4 4000000      136.32    -44.06     37.15
  19:10:28.7 ea15-ea20   1269: 71.729   -89.6 4000000   83.555  -115.5 4000000      289.44   -176.72    174.09
  19:10:28.7 ea15-ea21   3510: 118.210   -32.6 4000000    53.392   -52.5 4000000     -892.53    288.37   -242.87
  19:10:28.7 ea15-ea22   1143: 13.523   168.5 4000000    6.391   125.3 4000000      279.19   -124.01    114.83
  19:10:28.7 ea15-ea23   7228: 29.408    88.4 4000000   23.052   -14.0 4000000     1835.94    598.98   -858.54
  19:10:28.7 ea15-ea24   5003: 37.032    51.1 4000000   38.740   -10.6 4000000     1288.07    357.88   -532.24
  19:10:28.7 ea15-ea25   4050:  41.790   -94.9 4000000    71.929   -79.2 4000000     1051.97    254.00   -391.57
  19:10:28.7 ea15-ea26   2446:  63.394    68.7 4000000    49.116    73.0 4000000     -621.80    201.60   -168.57
  19:10:28.7 ea15-ea27   1866: 150.408   168.7 4000000   153.259   157.7 4000000      328.09   -375.42    397.54
  19:10:28.7 ea15-ea28   1070: 222.439 112.1 4000000   141.380  98.7 4000000      272.18    -87.85     74.16
  19:10:28.7 ea17-ea20    758:  41.784  -172.4 4000000    44.159  -177.7 4000000      153.12   -132.67    136.94
  19:10:28.7 ea17-ea21   4047: 50.956   -85.7 4000000   35.223   -72.9 4000000    -1028.85    332.43   -280.02
  19:10:28.7 ea17-ea22    613: 19.104 133.2 4000000   19.240 136.4 4000000      142.88    -79.95     77.68
  19:10:28.7 ea17-ea23   6801:  2.720  -178.8 4000000    6.985    92.5 4000000     1699.62    643.04   -895.69
  19:10:28.7 ea17-ea24   4565: 17.581   -26.2 4000000    3.902   -18.3 4000000     1151.76    401.94   -569.39
  19:10:28.7 ea17-ea25   3604: 29.541  -158.0 4000000   34.840  -144.4 4000000      915.65    298.06   -428.72
  19:10:28.7 ea17-ea26   2983: 36.819    19.8 4000000   20.392    22.2 4000000     -758.12    245.65   -205.72
  19:10:28.7 ea17-ea27   1433:  58.181   133.9 4000000    67.470   146.6 4000000      191.77   -331.36    360.39
  19:10:28.7 ea17-ea28    534: 153.946  87.0 4000000   135.842  95.2 4000000      135.87    -43.79     37.01
  19:10:28.7 ea20-ea21   4754: 23.783   113.9 4000000   35.909    98.0 4000000    -1181.97    465.10   -416.96
  19:10:28.7 ea20-ea22    201: 27.310  -53.6 4000000   26.129  -22.2 4000000      -10.24     52.72    -59.26
  19:10:28.7 ea20-ea23   6475:  9.859    54.4 4000000    4.848  -172.4 4000000     1546.50    775.70  -1032.63
  19:10:28.7 ea20-ea24   4239: 26.442   138.9 4000000   26.651   165.1 4000000      998.63    534.61   -706.33
  19:10:28.7 ea20-ea25   3278: 37.024    -7.1 4000000   32.686    44.8 4000000      762.53    430.73   -565.66
  19:10:28.7 ea20-ea26   3693: 27.390  -167.6 4000000   28.718  -140.0 4000000     -911.24    378.32   -342.66
  19:10:28.7 ea20-ea27    758: 138.621  -60.7 4000000   120.840  -27.3 4000000       38.65   -198.69    223.45
  19:10:28.7 ea20-ea28    339: 319.909 -115.2 4000000   268.436  -92.6 4000000      -17.26     88.87    -99.93
  19:10:28.7 ea21-ea22   4649: 10.360  -178.8 4000000    6.409  -163.6 4000000     1171.73   -412.38    357.70
  19:10:28.7 ea21-ea23  10277: 10.973    80.7 4000000   17.552     2.5 4000000     2728.47    310.61   -615.66
  19:10:28.7 ea21-ea24   8165: 11.381    56.7 4000000   13.593   115.2 4000000     2180.61     69.51   -289.36
  19:10:28.7 ea21-ea25   7279: 47.492   -89.6 4000000   27.344  -104.4 4000000     1944.51    -34.37   -148.69
  19:10:28.7 ea21-ea26   1064: 125.633 114.1 4000000    84.851 113.2 4000000      270.73    -86.78     74.30
  19:10:28.7 ea21-ea27   5200:  66.422  -150.2 4000000    46.200  -158.7 4000000     1220.62   -663.79    640.41
  19:10:28.7 ea21-ea28   4581:  53.634   130.4 4000000    78.309   144.6 4000000     1164.72   -376.22    317.04
  19:10:28.7 ea22-ea23   6424: 1.429   106.7 4000000   1.180    77.5 4000000     1556.74    722.99   -973.37
  19:10:28.7 ea22-ea24   4184:  9.655  -138.4 4000000    4.964  -114.1 4000000     1008.88    481.89   -647.07
  19:10:28.7 ea22-ea25   3220:  6.466    89.5 4000000    6.104   107.5 4000000      772.78    378.01   -506.39
  19:10:28.7 ea22-ea26   3585:  5.366   -80.5 4000000    5.241   -96.6 4000000     -901.00    325.60   -283.40
  19:10:28.7 ea22-ea27    959: 28.485  51.7 4000000   20.117  52.0 4000000       48.90   -251.41    282.71
  19:10:28.7 ea22-ea28    138: 72.895   -8.5 4000000   42.544  -15.7 4000000       -7.01     36.16    -40.66
  19:10:28.7 ea23-ea24   2240: 104.929     1.9 4000000    62.345    -7.8 4000000     -547.86   -241.10    326.30
  19:10:28.7 ea23-ea25   3206:  94.675  -132.4 4000000    62.806  -115.0 4000000     -783.96   -344.98    466.97
  19:10:28.7 ea23-ea26   9318: 13.478    20.0 4000000    9.606    25.4 4000000    -2457.74   -397.39    689.97
  19:10:28.7 ea23-ea27   6719: 19.891    96.3 4000000   15.122   -90.3 4000000    -1507.84   -974.40   1256.08
  19:10:28.7 ea23-ea28   6392:  2.840   122.8 4000000   11.707  -159.3 4000000    -1563.75   -686.83    932.70
  19:10:28.7 ea24-ea25    965: 333.092  -177.2 4000000   297.037  -177.0 4000000     -236.10   -103.88    140.67
  19:10:28.7 ea24-ea26   7172:  6.452    76.6 4000000    5.589   155.7 4000000    -1909.87   -156.29    363.67
  19:10:28.7 ea24-ea27   4521: 27.981   107.4 4000000   63.641   106.6 4000000     -959.98   -733.30    929.78
  19:10:28.7 ea24-ea28   4152: 32.906    69.6 4000000   27.886    51.9 4000000    -1015.89   -445.73    606.40
  19:10:28.7 ea25-ea26   6267: 14.126   178.7 4000000   12.457   112.1 4000000    -1673.77    -52.41    223.00
  19:10:28.7 ea25-ea27   3590:  80.957   -93.9 4000000    54.377   -86.1 4000000     -723.88   -629.42    789.10
  19:10:28.7 ea25-ea28   3187: 100.284  -119.9 4000000    42.325  -141.9 4000000     -779.79   -341.85    465.73
  19:10:28.7 ea26-ea27   4160:  66.621    89.1 4000000    47.904    91.7 4000000      949.89   -577.01    566.11
  19:10:28.7 ea26-ea28   3517: 50.999    41.1 4000000   44.420    36.1 4000000      893.98   -289.45    242.73
  19:10:28.7 ea27-ea28   1096: 322.665  -60.8 4000000   204.984  -65.5 4000000      -55.91    287.57   -323.37